# Created by tsnnls
# name: x
# type: matrix
# rows: 257
# columns: 1
0.0409806769181547
0.0192904884147871
0.0316560486063868
0.0219808163209950
0.0417302596755498
0.0154235726889833
0.0482193977962774
0.0263004529401831
0.0315885183068393
0.0336497899530315
0.0179496222238949
0.0459967917941569
0.0263798551597384
0.0000000000000000
0.0293759698410869
0.0040188548364940
0.0282812523904508
0.0298958308265668
0.0000000000000000
0.0311691658301776
0.0412313566239759
0.0191373226612484
0.0232754439356504
0.0439696560519614
0.0409824131629582
0.0278573832254619
0.0425918573913560
0.0311806106802161
0.0289225287268441
0.0368538302858539
0.0281318226377939
0.0233946646546320
0.0395125481300875
0.0051887121176484
0.0184803491572628
0.0240044570492606
0.0000000000000000
0.0253974396068151
0.0299255767053647
0.0226119739112906
0.0278768747387260
0.0495475624755797
0.0183117932269019
0.0174543150344511
0.0268629427344129
0.0185359811684610
0.0458530114627983
0.0414360854870989
0.0399018912029901
0.0399923616944644
0.0290175971541815
0.0361305578434106
0.0442721323861374
0.0226608542390226
0.0432627299171536
0.0203191003510255
0.0358084974566701
0.0325558310391069
0.0000000000000000
0.0443687767271014
0.0000000000000000
0.0184487602842030
0.0008352919179375
0.0562016312027140
0.0129610980259053
0.0555960876486980
0.0316803829507217
0.0517623963615213
0.0511900393085580
0.0535612382766910
0.0103917365985663
0.0353109508657921
0.0411588508366748
0.1108350972068469
0.0242337875803767
0.1069633740259151
0.0213471486061551
0.0373372482386514
0.0200256962575003
0.0873851228451703
0.0544317784615049
0.0018031565166999
0.0211543990583383
0.0363642311980041
0.0099067605557936
0.0503819970873075
0.0723244091637964
0.0334602573695612
0.0000000000000000
0.0450545720221516
0.0138631906108132
0.0557614202062443
0.0544063698951063
0.0409061670623069
0.0122832837860273
0.0417253027905932
0.0414839638112899
0.0215755530230666
0.0368171758110027
0.0478821139524011
0.0383310516866725
0.0461283638450213
0.0442070387047359
0.0414987132060041
0.0431629247219765
0.0422060163864299
0.0431971440466816
0.0928660831403880
0.1174976680975306
0.0157626942851831
0.0111024960811962
0.0948237490520433
0.1160854567085124
0.0399288761274289
0.0442643371298846
0.0289183534142195
0.0192470471981370
0.0522402414828045
0.0134134919075628
0.0372808834045989
0.0206739395300648
0.0368818104391084
0.0091372836023719
0.0000000000000000
0.0390231272437138
0.0081030285624523
0.0482220231428760
0.0000000000000000
0.0637167528432132
0.0113226927950302
0.0513431244585155
0.0184658215052896
0.0300050618261823
0.0417115699986685
0.0405161410348449
0.0329592605355368
0.0368794675675229
0.0418235519159580
0.0422972741745699
0.0281957696176676
0.0449524550911288
0.0228901648749023
0.0430020119226255
0.0349543740744385
0.0212566053624199
0.0336931311463013
0.0235585775334827
0.0428237252250105
0.0187670343359204
0.0417202537442237
0.0180679887527532
0.0384594237780700
0.0078293090152210
0.0535771394815800
0.0075969352304913
0.0000000000000000
0.0555584875439621
0.0568110474718738
0.0898941846476827
0.0168778089186796
0.1003584568598439
0.1132705855044033
0.0918126615176571
0.0552998907249562
0.0014562139583621
0.0440092669546590
0.0158355878804858
0.0556302819792045
0.0184702916347349
0.0375277310303390
0.0542240693122334
0.0405856497636030
0.0125322710633388
0.0420497037295271
0.0421530967975961
0.0210483025910801
0.0362336315182483
0.0484251321851798
0.0378039915943944
0.0466442385901826
0.0389174581652218
0.0463026164589581
0.0352859740865548
0.0117815699036459
0.0245309616901116
0.0249667230722805
0.0537978777679594
0.0589603456466692
0.0548909459169765
0.0548501806308071
0.0000000000000000
0.0000000000000000
0.0000000000000000
0.0829150775341002
0.0670996166469834
0.0000000000000000
0.0230535301595202
0.0093005696339937
0.0077748618891731
0.0260106107446870
0.0100307530409797
0.0426412353827948
0.0678022915528888
0.0000000000000000
0.0629496780143626
0.0533332039927235
0.0035961870334018
0.0492210359641523
0.0593867543592619
0.0549873271038715
0.0547408730218811
0.0508364492218352
0.0000000000000000
0.0457671954693655
0.0130947167214177
0.0439839205317181
0.0373668631887265
0.0434201471246518
0.0081763935189606
0.0536342744608030
0.0188559979671609
0.0031455267942738
0.0351653062742200
0.0166418218833889
0.0364031616462871
0.0199007569965815
0.0246670192495467
0.0254278152656032
0.0340293013527024
0.0270515296933595
0.0001615740752112
0.0820393836670299
0.0000000000000000
0.0128291423555849
0.0000000000000000
0.0000000000000000
0.0239557966159239
0.0048922084183347
0.0193757822476141
0.0130842267880006
0.0261124152024546
0.0000000000000000
0.0490022402404203
0.0000000000000000
0.0000000000000000
0.0000000000000000
0.0013360464477189
0.0181692018369980
0.0000000000000000
0.0082730705582500
0.0252467684734785
0.0238698682630378
0.0045737963721786
0.0385341873175912
0.0278736001247875
0.0441408255850102
0.0067142553187957
