# Created by tsnnls
# name: b
# type: matrix
# rows: 984
# columns: 1
0.0050123987609476
-0.0101069015970360
0.0498938658937438
0.0026186888476957
-0.0117019926050375
0.0500209943054536
0.0000534197310000
-0.0130899488924604
0.0495059735168088
-0.0022952417738362
-0.0161919218599351
0.0497441950226226
-0.0047155073745216
-0.0190151085743599
0.0494702420634975
-0.0073597641490499
-0.0206184551538733
0.0480270797466902
-0.0096929677794552
-0.0235035238693101
0.0471689894981895
-0.0124980610429607
-0.0262964179382205
0.0457915538315121
-0.0149548061289928
-0.0296876130538371
0.0447778456049779
-0.0174522999402093
-0.0345143799561864
0.0409585517943305
-0.0211964824153242
-0.0398063875761858
0.0420626076433887
-0.0229920963376498
-0.0450138778213534
0.0338491332078363
-0.0257696593754075
-0.0547702728240876
0.0301304468000507
-0.0318903543109221
-0.0696600761599940
0.0207139940348996
-0.0199149590630535
-0.0727963618015057
-0.0082956725174790
0.0046900650211081
-0.0377298044521200
-0.0344889470740697
0.0175249836030649
-0.0200846428623662
-0.0490643946267474
0.0109624751297325
-0.0214040631152840
-0.0479297425858391
0.0285094284617611
0.0239764649386209
-0.0461515490564042
0.0354557632395209
0.0602307928341238
-0.0402547462313206
0.0260155240034100
0.0708804437419275
-0.0144606676483664
0.0142543211056621
0.0644858589809549
-0.0044848933022699
0.0084013519364196
0.0566687723348423
0.0000922883118592
0.0026240010111489
0.0599185651787022
0.0060438741382255
-0.0010912065488724
0.0545845231157263
0.0078030700563935
-0.0061029694030279
0.0544727481653831
0.0120707233993183
-0.0095713570601625
0.0520739272667608
0.0143951814288700
-0.0130746023578885
0.0502671727788814
0.0149185341951309
-0.0156017579152079
0.0471506241651296
0.0156635216384814
-0.0188063861782798
0.0467487243409518
0.0155657808133550
-0.0213660545840320
0.0453265508930229
0.0156578776333507
-0.0237498987684228
0.0416354797384451
0.0166102275486720
-0.0264060834368795
0.0407765478198118
0.0163150939075882
-0.0286852260979337
0.0388588181607087
0.0162734540456257
-0.0311204393198164
0.0375220828586692
0.0158504265489757
-0.0332666217574512
0.0355954426440585
0.0156242100668996
-0.0355234782842841
0.0337085186345836
0.0154685682386378
-0.0367047290994903
0.0306394955140011
0.0150904896209352
-0.0374781559222442
0.0278436532027052
0.0140781515519783
-0.0423889527855781
0.0299763498849205
0.0128629472025855
-0.0399642642558614
0.0238103051667932
0.0121887953776230
-0.0432153976883536
0.0236690575354681
0.0111357091785166
-0.0442457519341204
0.0218069193039402
0.0098861683149454
-0.0452276818099379
0.0189833539523159
0.0094186789834891
-0.0460200759595495
0.0172105488169716
0.0081458734393984
-0.0476073671000030
0.0148233818365686
0.0075026825667783
-0.0489311134061790
0.0135365323597726
0.0058719921614112
-0.0463695480153615
0.0094335774244535
0.0054216015482743
-0.0519441462324921
0.0099915332627562
0.0029900730145417
-0.0458104219688406
0.0051862085017932
0.0030584306536048
-0.0520735140494988
0.0049118190236128
0.0009946328315123
-0.0497446298218765
0.0023921720729309
-0.0003701820181862
-0.0491272342065813
-0.0001369154396036
-0.0010433673714184
-0.0497900581975864
-0.0015688307544983
-0.0032187919363235
-0.0499706540816507
-0.0038917630134597
-0.0042463023060983
-0.0490024474375848
-0.0061640553372973
-0.0051921982005417
-0.0486131502960138
-0.0079473749363039
-0.0068459440896142
-0.0486086690878823
-0.0103029075225565
-0.0079344541860869
-0.0474814043118281
-0.0119433115039462
-0.0094866358821304
-0.0468001021452928
-0.0142476353411828
-0.0104543844020824
-0.0453999301122867
-0.0160673230817774
-0.0113563916110619
-0.0450537588536086
-0.0180278395699681
-0.0130926746360932
-0.0436010400274139
-0.0201097221808796
-0.0136260892687051
-0.0420594119364507
-0.0215817996794043
-0.0148722678638702
-0.0401899654652059
-0.0226638447410199
-0.0162609454367607
-0.0410254346387816
-0.0248617964895482
-0.0190781103614773
-0.0374010634419682
-0.0256896543121329
-0.0189637357694191
-0.0371558164707112
-0.0278499585324458
-0.0205711757141081
-0.0337514038417840
-0.0281841725765243
-0.0210255317931622
-0.0336850148434708
-0.0308615254124582
-0.0226259514726466
-0.0304738962078134
-0.0308102789934778
-0.0232335456605375
-0.0296337961731650
-0.0329044978655465
-0.0249285519565975
-0.0267480163592594
-0.0333711226485687
-0.0248984132669302
-0.0252936351912922
-0.0353448355527501
-0.0259818251393217
-0.0224877503802275
-0.0346911245007329
-0.0268472626997400
-0.0205598505915661
-0.0364377390424690
-0.0271844489000911
-0.0184592679813312
-0.0376339281325326
-0.0279699395989850
-0.0160262056322442
-0.0380443996624292
-0.0281328695386736
-0.0137125058359478
-0.0386622521770768
-0.0291194410950780
-0.0109775086166845
-0.0372459264373376
-0.0288643138909330
-0.0090652619242352
-0.0395490660165854
-0.0308872279512925
-0.0064949376072034
-0.0390475920427787
-0.0300845418001990
-0.0039690549685568
-0.0398812314490206
-0.0299895869347496
-0.0016030173968787
-0.0391658173501267
-0.0297788267564170
0.0009192782431979
-0.0400340718559482
-0.0300355486638223
0.0033291982796956
-0.0406340202644612
-0.0298066685816094
0.0058217968130515
-0.0395543818550145
-0.0288701692468066
0.0082350971757616
-0.0398652335570650
-0.0295640058390391
0.0106846944336077
-0.0394415347220684
-0.0280314772373645
0.0131786315099184
-0.0402532606505150
-0.0275735665820969
0.0151795756932425
-0.0377238109255192
-0.0273112283515126
0.0173521444188402
-0.0376047986382867
-0.0260568129128703
0.0213306680782566
-0.0403417640819895
-0.0273400777089777
0.0204550043638425
-0.0332191208772925
-0.0240840183166768
0.0259100782885618
-0.0390688072189204
-0.0247109686210144
0.0252511714722322
-0.0330021854968412
-0.0231794402243204
0.0293271538033526
-0.0354072883712778
-0.0222933893456288
0.0308530709081791
-0.0336666966119210
-0.0214937311469146
0.0324437111724008
-0.0322166838135585
-0.0194277934604366
0.0343651397112405
-0.0312773157154343
-0.0185653317864621
0.0363036450221413
-0.0304360886121683
-0.0164759282473197
0.0380732542228959
-0.0291358128331504
-0.0154810220712118
0.0381931621462634
-0.0263999844496075
-0.0139309906872419
0.0431815070204373
-0.0281431735839332
-0.0119929762880969
0.0411460008841013
-0.0236788852763952
-0.0110088987443815
0.0437471028932762
-0.0229265700951036
-0.0093433812471505
0.0457561156659359
-0.0222826473083079
-0.0070062027701145
0.0466823040000946
-0.0207454559619842
-0.0045605199619254
0.0472998460033009
-0.0190774858901589
-0.0024155168934673
0.0479914354703183
-0.0172681152791820
-0.0003740989907475
0.0487200766224173
-0.0157358128392468
0.0020932484466944
0.0487980318009580
-0.0136926276365797
0.0039199740450666
0.0501692706443227
-0.0130131533505945
0.0081186325151120
0.0504278946115056
-0.0114287072574468
0.0106468015195650
0.0495883855311080
-0.0089944239788087
0.0126738341636910
0.0507392844388881
-0.0078979869918158
0.0163560556010908
0.0508991925781707
-0.0058650620607275
0.0195442690803484
0.0504115364172031
-0.0050449090241126
0.0244306165283084
0.0464700525743703
-0.0037114682677605
0.0292899048996623
0.0484024225711977
-0.0030746181825365
0.0360448115488680
0.0413064013887438
-0.0016092778394224
0.0409993967253511
0.0416890879968916
-0.0015417256458619
0.0508499384915179
0.0376270965415453
0.0005091887680561
0.0669789323190524
0.0116096052359307
-0.0067519935879288
0.0796500800594602
-0.0182508649791509
-0.0090971607249074
0.0544428779077079
-0.0485277716092900
-0.0155149164752215
0.0188326751121083
-0.0485684180240827
-0.0109703644867000
0.0241355726336957
-0.0505953688035477
-0.0089445790017014
-0.0038499120092787
-0.0559767747993997
-0.0053422253764178
-0.0532091068799058
-0.0317633394128721
0.0027713447406749
-0.0718620392117329
-0.0174214461530270
0.0105790060477438
-0.0644863439092544
-0.0086592221486754
0.0131380721402910
-0.0587099270123561
-0.0007336098547890
0.0185698684854071
-0.0588671467510407
0.0023517626984313
0.0197799692585921
-0.0524187944628560
0.0071725439635016
0.0231867557899995
